000001 542968 2023/2024 2488,30 2.786,95 08/08/2004
000002 523953 2022/2023 2299,59 17.425,77 01/09/1987
000003 480325 2023/2024 1922 13.673,82 27/08/2001
000004 486488 2023/2024 1800 17.659,08 23/07/2001
000005 496661 2023/2024 1776 24.383,33 09/06/2001
000006 479941 2023/2024 1770 13.386,86 26/10/2001
000007 525205 2022/2023 1763,46 0,00 22/06/2004
000008 515875 2023/2024 1756 4.841,15 05/07/2001
000009 520481 2022/2023 1746,57 4.313,15 04/09/1996
000010 482255 2023/2024 1746 2.493,64 26/08/2001
000011 477497 2023/2024 1740 9.450,81 23/05/2001
000012 549993 2023/2024 1719,42 230,49 02/07/2004
000013 518662 2022/2023 1716 4.845,07 30/03/2004
000014 478777 2023/2024 1710 9.853,66 02/08/2001
000015 520358 2022/2023 1702,93 25.973,70 24/03/2003
000016 477206 2023/2024 1688 5.232,84 12/04/2000
000017 543428 2023/2024 1674 358,82 13/10/2000
000018 477776 2023/2024 1668 20.475,31 07/06/2001
000019 518529 2022/2023 1648 8.889,38 05/10/2003
000020 522820 2022/2023 1639 5.341,83 04/12/2003
000021 478611 2023/2024 1638 7.672,72 31/07/2001
000022 478801 2023/2024 1638 7.935,44 24/07/2001
000023 533663 2022/2023 1631,09 25.702,23 13/11/2003
000024 479948 2023/2024 1630 9.812,72 21/12/2001
000025 495598 2021/2022 1627,23 4.712,20 26/07/2003
000026 495542 2023/2024 1626 10.857,88 24/07/2001
000027 519651 2022/2023 1623,63 15.660,52 04/12/2003
000028 494887 2023/2024 1620 23.621,30 20/08/2000
000029 480047 2023/2024 1614 11.047,48 06/01/2001
000030 522226 2022/2023 1612,83 11.770,60 08/10/2003
000031 519585 2022/2023 1606 15.145,23 29/11/2003
000032 463889 2022/2023 1603,96 12.144,60 14/04/2000
000033 543970 2023/2024 1602 0,00 26/01/1998
000034 496322 2022/2023 1602 14.089,81 04/02/2003
000035 545203 2023/2024 1600 1.156,74 20/03/1996
000036 483171 2023/2024 1580 19.751,44 05/01/2002
000037 483607 2023/2024 1578 12.708,94 08/08/2001
000038 477967 2023/2024 1576 9.481,22 25/07/2001
000039 479238 2023/2024 1574 14.742,65 25/07/2001
000040 558833 2023/2024 1572 10.100,54 30/07/2001
000041 482693 2023/2024 1572 25.948,54 01/08/2001
000042 519938 2022/2023 1554,18 2.702,46 14/08/2003
000043 560573 2023/2024 1554 6.875,20 29/02/1992
000044 519625 2022/2023 1542,90 894,74 30/07/2000
000045 558432 2023/2024 1542,12 0,00 21/03/2005
000046 549934 2023/2024 1541,43 0,00 14/11/1997
000047 479613 2023/2024 1536 5.909,43 22/10/2001
000048 470437 2022/2023 1536 16.156,13 12/01/2001
000049 523179 2022/2023 1535,44 1.405,48 21/10/2000
000050 495955 2022/2023 1530,88 13.520,11 13/10/1998
000051 523174 2022/2023 1528,36 16.765,89 17/04/2003
000052 521077 2022/2023 1527,51 9.089,48 21/02/2004
000053 460763 2022/2023 1526,05 3.492,49 09/04/2000
000054 555292 2023/2024 1516 3.465,48 16/05/2001
000055 519531 2022/2023 1510,07 3.475,23 15/04/2004
000056 466235 2023/2024 1510 4.360,17 03/10/2000
000057 463587 2022/2023 1508,43 14.299,28 16/08/2000
000058 517934 2022/2023 1506 416,99 12/06/1997
000059 509051 2022/2023 1502,12 9.787,16 01/07/2002
000060 480946 2023/2024 1500 11.349,90 24/10/2001
000061 477240 2023/2024 1498 14.043,72 30/06/2001
000062 517621 2022/2023 1487 7.224,88 11/06/2003
000063 554200 2023/2024 1485,54 14.900,16 14/05/2003
000064 543901 2023/2024 1480 538,95 22/09/1997
000065 483032 2021/2022 1479,37 17.638,09 24/11/2001
000066 521589 2022/2023 1462,31 13.250,50 17/06/1999
000067 543792 2023/2024 1457,50 8.930,33 16/10/2002
000068 530216 2022/2023 1456 13.733,76 16/01/2003
000069 519624 2022/2023 1454,86 405,69 28/09/1998
000070 525090 2022/2023 1451,20 15.907,46 05/08/2000
000071 520413 2022/2023 1446,83 4.585,35 19/09/2003
000072 522681 2022/2023 1445,37 16.639,05 03/03/2004
000073 519744 2022/2023 1444 5.092,59 28/06/2000
000074 464397 2022/2023 1443,35 18.443,09 23/02/2000
000075 521040 2022/2023 1439,34 875,49 30/11/1996
000076 461154 2022/2023 1434,60 18.110,90 17/10/2000
000077 477665 2023/2024 1426 5.324,39 23/05/2001
000078 557008 2022/2023 1424,51 19.527,88 13/12/2003
000079 466072 2022/2023 1423,50 16.836,00 07/07/2000
000080 544958 2023/2024 1422 1.475,49 18/11/1993
000081 521542 2022/2023 1421,62 230,49 16/03/2003
000082 518956 2022/2023 1420,09 4.735,42 25/08/2001
000083 519700 2022/2023 1419,80 8.326,36 27/05/1998
000084 527943 2022/2023 1418 5.807,02 09/10/2003
000085 517935 2022/2023 1418 23.951,93 02/04/2003
000086 523076 2022/2023 1416 7.010,57 28/03/2003
000087 521447 2022/2023 1413,72 3.950,04 02/06/2003
000088 471045 2022/2023 1410,75 1.271,15 19/09/1999
000089 478970 2023/2024 1410 18.288,10 16/02/2002
000090 542868 2023/2024 1408 0,00 06/02/1998
000091 499485 2021/2022 1406,88 417,07 11/10/2001
000092 525060 2022/2023 1404,80 1.220,73 06/08/1998
000093 529238 2023/2024 1402 239,22 21/08/1995
000094 545273 2023/2024 1398,26 3.182,11 24/06/2004
000095 553493 2023/2024 1398,26 21.172,50 16/02/2005
000096 525063 2022/2023 1394,56 2.631,71 28/12/1998
000097 519099 2022/2023 1391,84 467,48 08/07/1996
000098 468449 2022/2023 1389,10 0,00 19/10/2000
000099 461935 2022/2023 1388 3.703,48 07/12/2000
000100 526087 2022/2023 1382,40 9.615,25 02/12/2000
000101 525910 2022/2023 1381 1.444,64 16/09/1998
000102 462780 2022/2023 1379,64 987,52 07/03/2001
000103 517631 2022/2023 1378,97 17.272,35 28/12/2003
000104 543321 2022/2023 1378,64 21.090,69 14/02/2002
000105 521649 2022/2023 1378,10 2.139,43 05/12/1997
000106 549166 2023/2024 1374 1.645,25 28/04/2004
000107 518763 2022/2023 1371,16 593,75 02/06/2003
000108 518375 2022/2023 1369 9.171,54 16/10/2003
000109 519757 2022/2023 1368 12.814,78 23/09/2000
000110 542793 2023/2024 1364 7.374,37 13/02/2005
000111 555892 2022/2023 1361 21.500,68 22/08/2003
000112 462853 2022/2023 1359,07 21.794,50 12/11/2000
000113 522847 2022/2023 1358,16 10.194,42 15/01/2001
000114 517424 2022/2023 1352 3.550,19 05/07/2003
000115 517563 2022/2023 1348,36 13.594,28 31/10/2000
000116 519738 2022/2023 1348 922,21 25/03/1998
000117 519211 2022/2023 1346,34 12.627,33 16/09/1997
000118 548477 2023/2024 1346 6.877,54 09/01/1998
000119 518026 2022/2023 1345 0,00 30/08/1995
000120 560869 2023/2024 1344 10.324,96 28/03/2002
000121 521317 2022/2023 1343,35 430,89 09/12/1998
000122 481933 2023/2024 1342 8.421,41 20/04/2001
000123 461700 2022/2023 1341 11.850,46 17/08/1997
000124 482019 2023/2024 1338 0,00 15/09/2001
000125 465697 2023/2024 1338 517,73 21/04/2001
000126 544556 2023/2024 1336,93 8.211,48 30/07/2004
000127 480655 2023/2024 1336 6.632,40 26/11/2001
000128 521062 2022/2023 1335 8.482,61 23/02/1999
000129 544333 2023/2024 1334 743,74 11/08/1998
000130 525275 2022/2023 1332 4.380,70 27/07/1992
000131 521312 2022/2023 1329,24 4.068,79 21/12/1991
000132 469692 2022/2023 1328 7.571,91 05/01/2001
000133 543687 2023/2024 1327,27 25.288,84 18/12/2004
000134 494893 2021/2022 1326 9.195,75 10/04/2002
000135 517581 2022/2023 1325,60 2.754,20 28/03/1997
000136 530549 2022/2023 1325,55 856,14 16/11/2001
000137 555840 2023/2024 1324 737,19 11/08/1998
000138 554074 2023/2024 1324 19.662,91 05/04/2004
000139 558091 2023/2024 1320 11.091,10 16/10/2000
000140 560901 2023/2024 1320 11.124,77 16/10/1997
000141 480213 2023/2024 1320 13.896,71 03/07/2001
000142 559274 2023/2024 1318 3.413,39 20/02/2005
000143 522168 2022/2023 1317 9.181,65 27/06/1992
000144 523159 2022/2023 1316,73 5.564,63 03/08/1998
000145 522332 2022/2023 1316 416,34 02/05/2001
000146 522274 2022/2023 1313,86 1.269,23 26/08/2000
000147 462428 2022/2023 1311 10.844,43 27/08/2000
000148 548423 2023/2024 1310 24.905,82 01/03/2001
000149 520441 2022/2023 1309,39 1.955,18 31/03/2003
000150 521239 2022/2023 1304,91 22.001,77 16/10/2003
000151 543211 2023/2024 1304 4.825,00 12/10/2004
000152 446348 2021/2022 1297,57 6.692,20 08/05/1996
000153 564057 2023/2024 1296,26 11.226,58 19/11/2004
000154 433466 2022/2023 1296 0,00 29/12/1996
000155 522970 2022/2023 1296 6.003,18 21/03/1990
000156 557634 2023/2024 1294 10.724,71 22/04/1998
000157 524996 2022/2023 1292,55 317,54 07/11/1997
000158 471598 2022/2023 1291,07 22.926,24 10/06/2000
000159 525380 2022/2023 1291 8.506,00 24/07/1992
000160 525170 2022/2023 1290 12.328,01 03/08/2000
000161 477603 2023/2024 1288 8.993,36 19/03/2001
000162 462060 2022/2023 1284,65 15.105,93 29/09/1999
000163 479157 2023/2024 1284 21.906,29 10/12/2001
000164 549892 2023/2024 1280,39 6.445,86 31/05/2000
000165 521186 2022/2023 1271 19.634,47 31/01/1990
000166 478896 2023/2024 1270 10.131,65 22/11/2001
000167 462819 2022/2023 1269,56 3.725,92 25/07/2000
000168 462365 2022/2023 1268 22.752,30 13/04/2000
000169 543387 2023/2024 1266 263,82 28/12/1998
000170 525089 2022/2023 1265,40 15.187,45 03/01/2001
000171 522552 2022/2023 1260 11.499,63 11/07/1997
000172 544584 2023/2024 1254 17.537,38 11/10/2001
000173 564165 2023/2024 1250 14.662,77 04/09/2004
000174 522105 2022/2023 1249,28 4.986,55 25/03/1996
000175 559779 2023/2024 1248,07 13.606,29 06/06/2004
000176 560772 2023/2024 1248 19.500,97 06/05/2004
000177 519809 2022/2023 1246,31 4.785,29 03/01/2003
000178 503166 2022/2023 1245 399,02 10/09/1997
000179 460866 2022/2023 1244,15 5.088,31 28/08/2000
000180 524999 2022/2023 1244 283,07 29/05/1996
000181 518480 2022/2023 1243 0,00 07/05/1999
000182 483178 2023/2024 1242 12.522,92 09/08/2001
000183 522346 2022/2023 1241,16 3.122,36 14/08/1997
000184 479932 2022/2023 1239,85 22.070,63 26/04/2001
000185 463453 2022/2023 1236,28 17.869,45 06/10/2000
000186 550462 2023/2024 1234 0,00 20/02/2005
000187 524651 2022/2023 1231,84 204,88 25/10/1997
000188 519490 2022/2023 1231,75 0,00 16/06/1986
000189 518521 2022/2023 1230,72 6.326,09 17/05/1998
000190 523098 2022/2023 1230 187,95 23/04/1996
000191 549108 2023/2024 1229,15 18.589,38 24/09/2004
000192 521942 2022/2023 1229 5.968,18 29/04/1991
000193 522579 2023/2024 1224 8.049,89 24/05/2000
000194 522413 2022/2023 1222,61 813,01 10/06/2001
000195 525007 2022/2023 1222,58 236,18 18/10/1997
000196 463288 2022/2023 1222 1.144,90 28/05/2000
000197 520491 2022/2023 1222 11.178,18 08/11/1997
000198 431285 2023/2024 1222 21.755,05 08/12/1998
000199 524399 2022/2023 1221,26 17.235,36 22/04/2004
000200 524947 2022/2023 1218,42 3.758,73 25/01/1994
000201 463686 2022/2023 1218 26,47 10/08/2000
000202 462542 2022/2023 1213 2.976,31 30/04/2000
000203 545287 2023/2024 1212 1.530,14 27/09/1999
000204 525117 2022/2023 1211 779,90 13/06/1997
000205 522654 2021/2022 1210,83 782,93 25/04/2000
000206 528006 2022/2023 1209,16 6.661,75 20/04/1997
000207 522662 2022/2023 1209 4.362,25 15/03/1996
000208 517734 2022/2023 1207 12.519,54 05/06/2003
000209 524646 2022/2023 1206 313,01 30/12/1996
000210 485471 2023/2024 1204 6.771,77 03/12/2001
000211 460991 2023/2024 1198 19.646,60 23/03/2000
000212 518829 2022/2023 1197,20 310,57 23/07/2003
000213 481128 2022/2023 1196,15 328,13 03/10/2000
000214 479665 2023/2024 1196 8.841,87 12/01/2002
000215 524193 2022/2023 1195 4.447,88 17/11/1994
000216 518207 2022/2023 1191 6.173,81 29/03/1999
000217 519541 2022/2023 1188,34 10.332,53 03/01/2004
000218 522504 2022/2023 1188,12 8.006,04 18/04/1997
000219 478323 2023/2024 1188 3.223,45 21/02/1998
000220 522169 2022/2023 1187 3.207,56 24/03/1993
000221 543688 2023/2024 1185,69 7.544,31 16/06/2004
000222 543123 2023/2024 1184 1.448,60 05/12/1997
000223 518523 2022/2023 1183,54 24.177,20 19/07/2003
000224 522276 2022/2023 1182,84 719,30 17/02/1998
000225 525013 2022/2023 1179,64 294,72 24/04/1996
000226 525618 2022/2023 1176 805,39 16/04/2003
000227 521246 2022/2023 1174 8.783,39 21/03/1998
000228 518873 2022/2023 1173,30 381,56 04/08/2003
000229 522663 2022/2023 1173 7.638,84 21/07/1990
000230 478847 2022/2023 1169,95 2.532,40 17/06/1995
000231 555477 2023/2024 1164 3.340,79 23/04/2000
000232 466119 2022/2023 1164 6.703,76 14/02/2001
000233 525916 2022/2023 1160,70 18.158,26 21/03/1994
000234 544056 2022/2023 1158,37 18.531,48 23/03/2003
000235 521711 2022/2023 1158 5.014,63 20/04/1995
000236 521605 2022/2023 1158 10.295,93 28/04/1999
000237 464592 2023/2024 1158 11.126,63 09/08/2000
000238 520399 2022/2023 1155 7.832,89 06/12/1993
000239 563696 2023/2024 1152 10.910,88 29/03/1997
000240 550221 2023/2024 1148 12.354,73 06/06/1999
000241 521196 2022/2023 1147,68 7.721,70 27/09/1997
000242 518413 2022/2023 1145,43 0,00 09/05/2001
000243 529492 2022/2023 1143,36 906,86 20/07/2001
000244 520533 2022/2023 1139,53 3.722,36 28/01/2002
000245 462353 2023/2024 1138 5.718,09 01/08/2000
000246 477447 2023/2024 1136 4.734,19 05/09/2001
000247 503544 2023/2024 1134 22.868,87 02/12/2001
000248 521545 2022/2023 1130,28 1.732,98 20/11/1995
000249 544368 2023/2024 1128 17.492,32 01/01/1997
000250 469417 2022/2023 1126 8.841,67 14/02/2001
000251 461955 2022/2023 1125 8.975,74 17/10/2000
000252 517592 2022/2023 1124 10.228,76 08/04/1989
000253 521881 2020/2021 1115,29 1.317,01 06/01/1996
000254 519964 2022/2023 1112 10.596,07 02/03/1996
000255 522261 2022/2023 1111,60 6.478,21 24/12/1991
000256 520032 2022/2023 1111 11.743,22 19/09/2003
000257 553272 2023/2024 1108,88 3.034,95 02/12/1996
000258 558104 2023/2024 1106 8.775,96 22/10/2004
000259 519804 2022/2023 1098,21 8.591,00 16/09/1991
000260 555265 2023/2024 1098 5.355,82 16/11/2005
000261 560565 2023/2024 1096 10.967,58 22/09/2001
000262 518158 2022/2023 1088,90 7.715,32 27/04/2002
000263 522538 2022/2023 1086,56 1.400,49 12/03/2000
000264 518108 2022/2023 1074 8.658,67 05/01/1999
000265 564210 2023/2024 1068 3.674,00 11/01/2001
000266 447892 2023/2024 1066 4.063,45 13/11/1999
000267 556906 2023/2024 1066 5.361,31 03/08/2004
000268 559430 2023/2024 1062 0,00 14/04/1998
000269 518177 2022/2023 1052 411,28 30/04/1998
000270 520270 2022/2023 1050 3.708,13 18/04/1986
000271 517604 2022/2023 1034 783,16 17/09/1996
000272 526438 2022/2023 1011,28 4.630,94 05/04/2001
000273 557041 2023/2024 1010 12.818,47 02/12/1992
000274 519895 2022/2023 993,76 847,95 26/01/2004
000275 481407 2023/2024 992 12.000,44 04/02/2001
000276 449533 2022/2023 984,22 10.890,69 07/06/1999
000277 557196 2023/2024 980 390,00 02/06/1995
000278 526235 2022/2023 975,15 9.214,81 12/10/2002
000279 556921 2023/2024 972 11.507,52 07/10/2004
000280 519908 2022/2023 945,20 811,23 07/08/2000
000281 468995 2023/2024 918 902,46 30/03/2001
000282 549846 2023/2024 899,85 975,61 16/02/2004
000283 548965 2023/2024 896 0,00 13/02/1996
000284 544750 2023/2024 888 2.693,16 27/12/2001
000285 562749 2023/2024 879,68 4.624,02 30/04/2004
000286 548599 2023/2024 876 1.082,52 15/01/1998
000287 543557 2023/2024 838,50 11.623,25 22/05/2003
000288 557191 2023/2024 790,84 5.956,18 06/11/2004
000289 553972 2023/2024 788 8.428,22 27/06/2004
000290 543422 2023/2024 774,82 8.974,04 08/03/2004
000291 550312 2023/2024 730,01 11.081,77 01/04/2005
000001 522446 2022/2023 1865,46 12.054,53 11/06/2003
000002 543981 2023/2024 1582,46 14.572,48 27/11/2004
000003 525248 2022/2023 1472,08 9.157,32 03/07/2003
000004 522233 2022/2023 1406 19.797,00 14/03/2003
000005 500455 2021/2022 1396,73 6.997,14 21/09/2002
000006 561803 2023/2024 1391,87 13.178,43 19/08/2000
000007 564225 2023/2024 1380,96 17.747,26 21/01/2004
000008 497766 2021/2022 1316,19 251,59 30/08/1999
000009 553435 2023/2024 1283,51 10.086,55 03/08/2004
000010 557009 2023/2024 1238 23.224,19 24/08/2004
000011 498371 2021/2022 1233,20 2.506,50 30/08/2003
000012 590593 2022/2023 1221,41 22.711,46 05/02/2001
000013 497292 2021/2022 1212,48 542,71 13/09/2000
000014 520212 2022/2023 1192,19 3.829,52 22/05/2003
000015 519697 2022/2023 1170,45 5.471,62 24/11/2003
000016 560324 2023/2024 1044 25.494,15 18/10/2004
000017 521125 2022/2023 1029 687,50 22/01/2003
000018 556888 2023/2024 987 11.012,20 22/12/1996
000019 524811 2022/2023 958,50 14.284,38 18/12/2002
000020 558946 2023/2024 875 15.551,77 10/06/2004
000021 563077 2023/2024 868 15.447,48 23/09/1999
000022 562921 2023/2024 696 0,00 07/07/2003
000023 558497 2023/2024 660 19.075,91 22/09/2003
000024 543073 2023/2024 644 7.412,29 17/12/2004
000025 563911 2023/2024 640 14.488,48 19/09/2004
000026 520385 2023/2024 616 19.653,16 09/06/2003
000027 559517 2023/2024 448 11.484,51 11/01/2003
000001 520708 2022/2023 1544,60 13.677,55 18/10/2003
000002 518766 2022/2023 1303,50 2.806,91 17/06/1999
000003 498895 2021/2022 1253,34 645,61 21/07/2002
000004 522540 2022/2023 1251,17 6.270,93 21/08/2004
000005 562679 2023/2024 1238,56 13.570,78 20/12/2004
000006 528289 2022/2023 1234 7.638,43 27/08/2001
000007 526425 2022/2023 1230,28 11.203,45 08/03/2003
000008 496822 2021/2022 1216,49 5.473,98 01/12/2002
000009 549843 2023/2024 1199,44 7.971,95 22/08/2003
000010 520688 2022/2023 1176,26 2.845,53 12/08/2002
000011 501251 2021/2022 1166,14 4.696,18 07/09/1998
000012 563929 2023/2024 1137,87 23.901,55 09/01/2004
000013 500009 2021/2022 1128,75 407,35 13/07/2003
000014 560361 2023/2024 1122,85 8.313,69 21/05/1997
000015 500113 2021/2022 1116 14.902,44 21/06/2002
000016 557000 2023/2024 1068 19.900,97 11/08/2004
000017 521831 2022/2023 1064,72 263,01 26/08/2004
000018 525150 2022/2023 1044,43 613,82 02/04/2002
000019 517921 2022/2023 1021,85 5.122,95 12/03/2003
000020 542807 2023/2024 1012,04 10.477,78 13/11/1999
000021 480656 2021/2022 997,17 364,91 04/06/2000
000022 517674 2022/2023 984,38 23.669,47 03/06/2003
000023 578895 2023/2024 964,68 17.699,16 13/08/2002
000024 563068 2023/2024 964,59 7.258,54 21/08/2002
000025 522466 2022/2023 961,51 12.966,67 18/10/2001
000026 531275 2022/2023 946 5.323,32 23/04/2003
000027 520924 2022/2023 942,84 6.616,67 25/10/1998
000028 524579 2022/2023 929,43 11.652,12 02/09/2004
000029 518281 2022/2023 912 24.183,30 20/01/2004
000030 500288 2021/2022 894,81 5.584,91 20/01/2003
000031 525111 2022/2023 893,08 3.586,18 29/08/2001
000032 522542 2022/2023 891,87 0,00 12/08/2000
000033 565224 2023/2024 890,49 5.792,26 18/07/2004
000034 518691 2022/2023 875,24 11.649,22 11/03/2002
000035 580831 2023/2024 866 5.439,87 03/03/2002
000036 518804 2022/2023 857,57 228,46 16/10/2003
000037 544879 2023/2024 848 7.982,93 29/12/2004
000038 518837 2022/2023 838,46 4.061,79 17/06/2003
000039 518857 2022/2023 814,47 745,93 09/08/2003
000040 522927 2022/2023 804,16 7.654,90 11/10/2000
000041 525429 2022/2023 800,91 169,12 03/10/2000
000042 525818 2023/2024 794,92 2.945,04 25/06/2002
000043 529472 2022/2023 792,49 1.788,16 14/08/2003
000044 525369 2022/2023 785,22 440,63 17/01/2001
000045 518655 2022/2023 779,92 800,81 20/08/2002
000046 518654 2022/2023 750,62 14.745,11 06/12/2003
000047 519863 2022/2023 747,74 20.059,73 25/11/2001
000048 518944 2022/2023 734,17 5.660,82 28/07/2002
000049 521670 2022/2023 734,02 7.529,41 21/03/1995
000050 529207 2022/2023 721,30 4.566,82 17/06/2001
000051 525291 2022/2023 676,29 515,63 23/04/2004
000052 557641 2023/2024 626,86 9.748,07 31/08/2002
000053 559722 2023/2024 589 0,00 26/11/2001
000054 543011 2023/2024 555,45 9.482,20 28/09/2003
000055 585659 2023/2024 468 985,96 09/02/2005
000056 548537 2023/2024 460 5.146,75 23/07/2003
000057 556221 2023/2024 460 20.739,15 03/12/2004
000058 557423 2023/2024 414 24.794,07 11/09/2001
000059 520511 2023/2024 378 8.575,61 20/10/2002
000001 560537 2023/2024 1603,45 11.996,88 29/12/2004
000002 549079 2023/2024 1424 12.237,16 12/11/2004
000003 494861 2021/2022 1180,08 6.112,81 22/01/2003
000004 496778 2021/2022 1158,67 7.387,62 03/12/2002
000005 518431 2022/2023 1023,50 7.494,16 13/01/2002
000006 500650 2022/2023 1000 7.778,23 24/09/2002
000007 519836 2022/2023 903,12 894,31 25/11/2002
000008 519200 2022/2023 871,98 582,46 13/06/2005
000009 526107 2022/2023 867,87 9.128,46 07/03/2000
000010 524514 2022/2023 773,69 1.736,31 07/01/1998
000011 563101 2023/2024 656 4.893,62 29/05/2003
000012 567898 2023/2024 588 16.779,54 15/06/2004
000013 544546 2023/2024 580,50 4.328,37 12/10/2002
000014 556685 2023/2024 492 10.223,55 24/09/2004
000015 586336 2023/2024 484,50 3.515,92 27/12/2004
000016 555824 2023/2024 413,01 4.602,44 21/03/2001
000017 498937 2023/2024 380 13.226,47 20/06/2002
000001 557156 2023/2024 1554,81 0,00 10/03/2002
000002 519917 2022/2023 1347,51 7.400,41 31/08/2004
000003 520214 2022/2023 1125,44 7.370,11 02/07/2003
000004 520728 2022/2023 1116,84 0,00 29/11/2001
000005 520682 2022/2023 984,96 0,00 24/02/2003
000006 522643 2022/2023 868,86 7.841,87 07/05/2002
000007 524464 2022/2023 825,91 2.980,85 09/06/2000
000008 550339 2023/2024 678,14 6.484,31 12/09/2004
000009 543736 2023/2024 644,37 0,00 06/05/2004
000010 553373 2023/2024 636,74 6.017,68 27/10/2004
000001 503245 2021/2022 1349,68 22.856,86 03/12/2002
000002 550443 2023/2024 1343,87 23.283,12 14/01/2005
000003 524931 2022/2023 1250 17.732,84 24/11/2003
000004 507395 2021/2022 1030,67 4.600,21 09/11/1998
000005 522894 2022/2023 988 4.227,50 17/02/2003
000006 521876 2022/2023 924 23.509,86 30/04/2004
000007 533510 2022/2023 872 8.326,75 23/08/2002
000001 517793 2022/2023 1613 9.265,45 26/06/2003
000002 542896 2023/2024 1584,43 5.109,12 30/07/2004
000003 560858 2023/2024 1554,81 14.654,09 20/10/2004
000004 544694 2023/2024 1510,38 21.605,96 07/12/2004
000005 519132 2022/2023 1446 12.922,45 02/06/2003
000006 519179 2022/2023 1400,30 3.032,51 02/02/2004
000007 544329 2023/2024 1322,12 19.344,49 29/12/2004
000008 519238 2022/2023 1226,14 833,33 27/05/2004
000009 553502 2023/2024 1212 15.764,16 17/10/2004
000010 519334 2021/2022 1185,41 12.870,95 24/09/2002
000011 496156 2021/2022 1132,67 15.953,10 14/01/2003
000012 501474 2021/2022 1128,36 6.163,86 30/12/2002
000013 497363 2021/2022 1062,50 4.780,39 16/05/2002
000014 522452 2022/2023 1052,91 596,49 01/01/2004
000015 499593 2021/2022 1045,94 1.052,63 25/10/2002
000016 521570 2022/2023 1043,27 596,88 05/10/2004
000017 544494 2023/2024 1035,78 5.977,07 29/12/2004
000018 559810 2023/2024 1024 17.055,70 24/12/2004
000019 519031 2022/2023 1019,90 873,98 29/09/2003
000020 568911 2023/2024 1006 6.732,45 20/11/2004
000021 562655 2023/2024 1004 16.300,20 16/04/2004
000022 519201 2022/2023 972,79 359,38 22/11/2004
000023 563075 2023/2024 966,93 7.009,28 20/11/2004
000024 524870 2022/2023 954 19.361,76 03/04/2003
000025 554139 2023/2024 950 24.367,13 02/08/2004
000026 523271 2022/2023 948,60 736,84 08/03/2004
000027 524706 2022/2023 948,12 4.388,52 03/05/2002
000028 499889 2021/2022 943,69 693,50 02/09/2003
000029 544689 2023/2024 916 25.380,96 25/05/2004
000030 549987 2022/2023 908 14.926,39 29/03/2003
000031 574210 2023/2024 899,85 11.259,09 05/06/2004
000032 543376 2023/2024 897,67 2.032,52 17/09/2004
000033 517949 2022/2023 895 13.037,62 26/09/2003
000034 521738 2022/2023 887,71 1.644,72 24/06/2001
000035 553563 2023/2024 884 24.270,19 26/10/2004
000036 543583 2023/2024 869,63 813,01 20/12/2005
000037 500199 2023/2024 861,48 8.041,87 22/08/2002
000038 519053 2022/2023 845 8.410,82 14/11/2003
000039 521731 2022/2023 801,96 18.697,37 13/12/2001
000040 544053 2023/2024 796,25 20.142,20 26/12/2004
000041 529008 2022/2023 787,50 1.731,87 04/11/2003
000042 580041 2023/2024 771,86 9.583,84 19/03/2002
000043 566251 2023/2024 767,01 8.708,13 26/04/2004
000044 519604 2022/2023 758,16 568,75 01/05/2003
000045 543340 2023/2024 755,08 6.366,65 12/11/2004
000046 543618 2023/2024 750 19.009,51 05/08/2004
000047 559421 2023/2024 728,50 8.679,40 23/02/2004
000048 560626 2023/2024 721,87 373,17 01/08/2005
000049 554214 2023/2024 721,87 8.737,59 29/12/2004
000050 544239 2023/2024 644,69 3.360,00 08/01/2004
000051 546355 2023/2024 629,07 2.080,39 28/01/2003
000052 548587 2023/2024 582 10.580,47 19/06/2004
000053 567571 2023/2024 557,69 1.617,65 29/09/2004
000054 544908 2023/2024 552 10.327,89 19/06/2004
000055 544106 2023/2024 525 9.267,48 07/11/1991
000056 561839 2023/2024 400 22.724,56 10/11/2004
000001 574217 2023/2024 936 22.182,94 03/06/2004
000002 542996 2023/2024 846 8.907,06 30/10/2004
000003 555269 2023/2024 760 13.591,66 04/09/2004
000004 543896 2023/2024 590 11.599,34 03/03/2004
000005 543611 2023/2024 546 9.168,62 19/09/2004
000001 574089 2023/2024 979,28 24.249,05 21/08/2004
000002 524677 2022/2023 927 15.852,72 14/09/2003
000003 582211 2023/2024 772 7.976,69 07/12/2000
000001 561233 2023/2024 1204,28 10.458,76 18/09/2004
000002 499661 2021/2022 1151,59 8.757,42 08/10/2002
000003 518484 2022/2023 941 3.686,34 06/05/2003
000004 533121 2022/2023 940 22.275,82 07/02/2002
000005 521076 2022/2023 917 13.034,30 06/07/2003
000006 525198 2022/2023 776,94 10.702,83 06/04/2004
000007 563855 2023/2024 624 10.205,18 30/04/2004
000008 548450 2023/2024 436 6.510,44 29/05/2004
000001 549453 2023/2024 1890 5.239,54 02/09/1997
000002 543151 2023/2024 1852 14.381,70 31/03/1998
000003 553825 2023/2024 1732 355,28 03/01/1998
000004 543383 2023/2024 1718 8.157,51 17/09/1998
000005 560491 2023/2024 1710 13.039,84 16/07/1999
000006 543382 2023/2024 1696 4.187,80 28/12/1999
000007 560431 2023/2024 1696 6.466,08 28/11/1998
000008 554132 2023/2024 1690 8.670,73 16/05/1996
000009 553935 2023/2024 1687,76 464,22 22/03/1998
000010 563000 2023/2024 1674 2.791,46 29/06/1999
000011 558218 2023/2024 1648 6.095,12 30/12/1996
000012 545220 2023/2024 1638 9.964,77 30/04/1998
000013 480627 2023/2024 1596 1.625,00 13/08/1996
000014 559968 2023/2024 1588 5.409,12 22/08/1991
000015 553501 2023/2024 1588 6.509,76 14/05/1998
000016 543169 2023/2024 1582 17.283,44 24/10/1992
000017 553403 2023/2024 1581,30 281,30 02/06/1998
000018 563995 2023/2024 1548 9.150,81 06/12/1999
000019 553807 2023/2024 1506 5.974,84 02/03/1999
000020 543765 2023/2024 1496 17.585,85 04/07/1996
000021 543890 2023/2024 1462 2.667,07 26/12/1990
000022 549331 2023/2024 1450 17.688,62 12/06/2000
000023 556801 2023/2024 1446 1.189,66 15/02/1996
000024 559171 2023/2024 1396 12.907,86 09/02/1994
000025 564491 2023/2024 1392 6.229,90 17/11/1996
000026 558017 2023/2024 1374 2.841,18 26/01/1998
000027 553954 2023/2024 1368 337,94 12/03/1997
000028 549493 2023/2024 1350 10.753,43 16/12/1997
000029 549903 2023/2024 1326 10.867,89 18/09/1984
000030 558502 2023/2024 1314 6.782,93 09/12/1997
000031 461300 2022/2023 1298,31 1.756,39 15/03/2000
000032 563466 2023/2024 1282 14.295,10 28/04/1999
000033 520912 2022/2023 1280 1.778,02 29/01/1996
000034 543829 2023/2024 1278 12.229,94 07/01/1998
000035 484717 2023/2024 1229,04 782,50 16/02/2001
000036 558970 2023/2024 1224 7.987,25 24/05/1999
000037 525230 2022/2023 1203 5.432,82 11/02/1998
000038 524580 2022/2023 1201 16.114,11 22/04/1997
000039 545057 2023/2024 1182 11.528,05 11/02/1998
000040 518299 2022/2023 1180,71 6.448,04 25/03/1984
000041 521502 2022/2023 1177 2.619,77 11/10/1998
000042 481323 2023/2024 1128 22.377,55 21/10/1999
000043 473198 2022/2023 1122 7.466,56 09/02/2000
000044 521454 2022/2023 1104 2.451,63 07/03/1997
000045 526389 2022/2023 1098 7.737,36 24/08/1998
000046 519343 2022/2023 1092 3.170,85 07/08/1995
000047 521666 2022/2023 1085 4.712,47 04/06/1999
000048 526388 2022/2023 1085 9.408,25 25/08/1998
000049 521038 2022/2023 1074 16.688,72 03/03/1996
000050 520646 2022/2023 1066 0,00 24/06/1999
000051 518785 2022/2023 1062 12.756,09 02/05/1998
000052 521301 2022/2023 1059 7.295,42 22/03/1997
000053 442442 2022/2023 1038,96 4.413,84 17/09/1997
000054 519325 2022/2023 1024 2.930,49 30/01/1998
000055 522245 2022/2023 1015 16.086,67 28/12/1982
000056 561251 2023/2024 986 8.533,33 16/10/1995
000057 523104 2022/2023 983,41 7.763,40 17/05/1997
000058 519276 2022/2023 891 5.539,71 26/08/1998
000059 544531 2023/2024 874 5.906,92 30/10/1997
000060 554158 2023/2024 846 6.425,98 09/06/1999
000061 560295 2023/2024 816 6.215,04 31/01/1995
000062 483158 2023/2024 708,75 10.620,26 29/12/2001
000063 559998 2023/2024 660 19.252,54 12/02/2000
000064 544380 2023/2024 486 11.827,24 16/08/1994
000001 544159 2023/2024 1762 7.115,85 18/12/1999
000002 553922 2023/2024 1750,32 6.849,59 01/01/2002
000003 477332 2023/2024 1664 19.472,88 09/05/2001
000004 543167 2023/2024 1546 10.200,33 20/02/1996
000005 557347 2023/2024 1490 0,00 13/09/1998
000006 544088 2023/2024 1464 9.074,66 03/02/1999
000007 555871 2023/2024 1430 21.600,03 17/05/2001
000008 479500 2022/2023 1314 16.875,15 29/06/2000
000009 480240 2023/2024 1308 6.941,67 11/09/2002
000010 522926 2022/2023 1265 5.041,18 18/10/1997
000011 544430 2023/2024 1228 7.263,47 23/12/1999
000012 549861 2023/2024 1214 10.099,67 11/08/1999
000013 529147 2022/2023 1199 18.121,90 30/09/2000
000014 464501 2022/2023 1179 15.846,33 15/07/2000
000015 558549 2023/2024 1176 3.323,51 18/11/1998
000016 449130 2022/2023 1174 5.963,29 27/02/1999
000017 543490 2023/2024 1174 11.526,96 23/07/1999
000018 543065 2023/2024 1168 949,92 21/04/2000
000019 449002 2022/2023 1163 25.953,11 30/08/1999
000020 465718 2022/2023 1145 12.557,12 26/07/2000
000021 473210 2022/2023 1142 23.616,79 16/10/2000
000022 460928 2022/2023 1139 4.506,19 25/07/2000
000023 557016 2023/2024 1138 7.081,43 18/07/1999
000024 543054 2023/2024 1124 6.591,87 12/12/1996
000025 543424 2023/2024 1124 9.056,91 23/10/1999
000026 485196 2023/2024 1106 7.799,46 27/06/1999
000027 520074 2022/2023 1096 775,00 06/03/1998
000028 445351 2022/2023 1068 12.407,74 19/07/1999
000029 483389 2022/2023 1046,12 512,98 25/03/1999
000030 520928 2022/2023 1024 5.649,99 04/05/1997
000031 557730 2023/2024 1024 8.957,72 27/02/1998
000032 446543 2022/2023 1016 9.483,82 12/10/1999
000033 432783 2022/2023 1009 2.247,27 10/09/1998
000034 477635 2023/2024 1000 10.384,62 15/12/2000
000035 556101 2023/2024 986 4.725,49 15/09/1998
000036 530940 2022/2023 985 9.615,66 03/03/2000
000037 517950 2022/2023 977 321,14 04/05/1997
000038 520215 2022/2023 972 7.083,48 26/06/1999
000039 463303 2022/2023 957 10.114,32 06/05/2000
000040 495264 2023/2024 946 9.408,64 20/01/2002
000041 462687 2022/2023 945 17.798,19 18/04/2000
000042 521852 2022/2023 938,80 13.492,16 04/02/2000
000043 480594 2022/2023 922 16.695,47 05/06/2000
000044 466138 2022/2023 911 19.281,30 26/12/2000
000045 520073 2022/2023 890 4.774,80 02/02/1998
000046 544666 2023/2024 888 2.518,47 14/03/1999
000047 544369 2023/2024 886 3.404,07 25/12/1996
000048 553320 2023/2024 876 6.107,35 16/12/1999
000049 555533 2023/2024 866 9.994,33 02/03/2001
000050 522889 2022/2023 853 6.776,27 21/07/1999
000051 520631 2022/2023 848,64 230,03 16/02/1999
000052 526108 2022/2023 846 5.609,97 26/03/1996
000053 524437 2022/2023 840 2.079,67 19/12/1999
000054 553280 2023/2024 824 2.884,55 21/04/1998
000055 519498 2022/2023 818 3.330,84 07/04/1998
000056 478423 2023/2024 818 7.482,52 01/07/1998
000057 530270 2022/2023 817 0,00 07/04/1998
000058 544067 2023/2024 814 20.178,92 11/06/1985
000059 521701 2022/2023 809 453,13 19/06/1998
000060 557558 2023/2024 806 7.020,10 02/01/1994
000061 468639 2023/2024 804 2.168,02 18/04/1999
000062 543393 2023/2024 800 9.167,65 30/05/1989
000063 543931 2023/2024 788 20.746,50 08/04/1990
000064 544571 2023/2024 786 8.532,28 05/01/2000
000065 556677 2023/2024 780 12.845,12 23/11/1998
000066 484070 2023/2024 764 1.145,93 19/10/2002
000067 526164 2022/2023 761 2.818,63 20/11/1992
000068 522275 2022/2023 757,76 543,86 14/02/2001
000069 521020 2022/2023 756,44 4.636,96 20/11/1993
000070 553416 2023/2024 746 12.249,02 18/05/2001
000071 518991 2022/2023 731 597,56 12/06/2000
000072 556651 2023/2024 728 9.288,24 26/08/1989
000073 544386 2023/2024 704,13 3.384,91 02/07/2000
000074 544829 2023/2024 694 6.805,39 22/09/1999
000075 561848 2023/2024 690 4.876,96 03/05/2002
000076 544241 2023/2024 684 5.039,59 26/07/2000
000077 544162 2023/2024 684 15.326,56 25/11/1996
000078 432417 2023/2024 682 6.932,52 28/08/1998
000079 543718 2023/2024 680 3.604,07 27/01/2000
000080 553003 2023/2024 678 7.962,45 11/08/1999
000081 553504 2023/2024 672 7.745,26 25/09/1996
000082 563733 2022/2023 667 2.009,01 14/05/1994
000083 461501 2023/2024 660 1.873,58 22/12/2000
000084 524164 2022/2023 657 14.282,46 27/10/1997
000085 455828 2023/2024 656 2.020,59 02/09/1999
000086 545195 2023/2024 652 11.373,98 15/05/1996
000087 499389 2023/2024 628 919,30 18/12/2000
000088 482328 2023/2024 628 15.953,50 19/02/2001
000089 527866 2023/2024 620 10.983,64 17/01/2001
000090 555240 2023/2024 612 4.303,14 17/02/1993
000091 559494 2023/2024 592 6.706,91 20/02/2000
000092 446127 2023/2024 584 15.351,47 17/08/1999
000093 558004 2023/2024 580 14.595,88 03/10/1987
000094 559767 2023/2024 520 11.868,07 20/11/1999
000095 555397 2023/2024 488 5.492,55 10/12/1992
000096 559223 2023/2024 486 10.765,17 23/09/1997
000097 559981 2023/2024 454 7.371,95 08/08/1989
000098 549336 2023/2024 450 1.308,72 17/12/1999
000099 564952 2023/2024 448 7.968,14 19/01/1999
000100 556108 2023/2024 442 4.607,02 17/11/1997
000101 563503 2023/2024 320 539,06 03/08/1996
000102 553842 2023/2024 304 6.925,61 17/04/1998
000001 543788 2023/2024 1772 10.297,06 04/12/1999
000002 544443 2023/2024 1362 3.514,27 05/10/2000
000003 544131 2023/2024 1222 4.962,88 17/12/1990
000004 556522 2023/2024 1192 10.980,25 06/01/1989
000005 553522 2023/2024 1158 578,13 21/03/1999
000006 543947 2023/2024 1098 0,00 07/07/1988
000007 556136 2023/2024 1076 6.421,96 22/09/1998
000008 556327 2023/2024 1074 25.491,18 05/12/1997
000009 519862 2022/2023 1046 3.416,02 14/09/1996
000010 518192 2022/2023 1039 8.954,90 13/09/1984
000011 553916 2023/2024 992 386,99 30/12/1997
000012 520498 2022/2023 981 3.621,54 01/01/1993
000013 519084 2022/2023 973 1.277,80 18/05/2000
000014 518462 2022/2023 963 1.404,32 26/09/1995
000015 558630 2023/2024 942 14.008,94 07/05/1995
000016 460909 2022/2023 912 2.699,62 13/02/2000
000017 563875 2023/2024 894 15.514,23 07/01/1998
000018 517747 2022/2023 883,55 887,50 22/11/1996
000019 532771 2022/2023 864 5,00 06/04/1995
000020 524983 2022/2023 853 3.182,81 16/08/1996
000021 543992 2023/2024 846 7.590,00 31/05/1988
000022 517718 2022/2023 838,05 478,75 05/01/1998
000023 521833 2022/2023 836 247,76 18/08/1998
000024 543953 2023/2024 830 9.798,37 11/08/1994
000025 465202 2023/2024 826 18.022,40 26/05/2000
000026 548541 2023/2024 822 8.057,32 16/01/1993
000027 556539 2023/2024 822 15.994,27 04/09/1990
000028 517742 2022/2023 813,41 903,85 28/01/1996
000029 521911 2022/2023 802 3.594,70 17/08/1988
000030 521569 2022/2023 792,65 2.379,46 09/06/1992
000031 556086 2023/2024 786 9.704,90 06/11/1989
000032 520429 2022/2023 782,59 1.875,00 10/11/1996
000033 559918 2023/2024 774 8.682,84 22/09/1996
000034 522381 2022/2023 766 5.274,95 29/11/1991
000035 517689 2022/2023 749,41 1.157,58 06/01/1996
000036 558427 2023/2024 744 17.903,92 19/09/1995
000037 518105 2022/2023 722 3.732,60 31/08/1995
000038 543374 2023/2024 720 322,76 01/10/1998
000039 563542 2023/2024 720 9.959,00 23/09/1989
000040 563070 2023/2024 714 5.252,45 08/06/1998
000041 445810 2023/2024 712 7.072,30 24/03/1999
000042 520415 2022/2023 710 4.284,55 26/04/1998
000043 519787 2022/2023 645 10.479,90 05/10/1997
000044 555771 2023/2024 624 9.070,10 03/04/1996
000045 524655 2022/2023 621 216,13 12/12/1995
000046 562761 2023/2024 618 4.655,28 09/09/1995
000047 524059 2022/2023 597 5.793,74 01/08/1998
000048 561902 2023/2024 572 10.860,70 21/09/1996
000049 563465 2023/2024 558 7.018,40 07/02/1994
000050 556682 2023/2024 528 7.723,00 15/12/1988
000051 555338 2023/2024 526 3.574,80 21/09/1988
000052 556753 2023/2024 510 2.429,67 28/06/1991
000053 560490 2023/2024 478 9.355,72 25/05/1999
000054 555869 2023/2024 468 17.999,46 19/06/1990
000055 557654 2023/2024 458 12.120,10 30/05/1996
000056 543394 2023/2024 378 240,65 22/03/1998
000057 550290 2023/2024 376 4.375,00 19/06/1992
000058 564023 2023/2024 360 7.221,95 05/01/2000
000059 561476 2023/2024 360 14.363,40 10/06/1996
000001 544374 2023/2024 1736 7.050,41 06/06/1988
000002 557716 2023/2024 1652 3.061,46 05/06/1998
000003 558570 2023/2024 1642 7.222,36 03/06/1999
000004 559626 2023/2024 1584 5.439,84 02/02/2001
000005 549889 2023/2024 1446 2.377,07 10/10/1995
000006 517487 2022/2023 1442 563,38 29/06/1993
000007 543413 2023/2024 1346 14.829,30 01/06/1993
000008 553338 2023/2024 1320 8.307,84 07/09/1999
000009 554120 2023/2024 1300 8.789,22 14/06/1995
000010 561499 2023/2024 1296 318,63 11/09/1994
000011 543754 2023/2024 1296 5.526,83 11/06/1994
000012 543937 2023/2024 1278,64 5.921,57 11/01/2000
000013 521089 2022/2023 1265 4.769,12 23/11/1987
000014 486085 2022/2023 1258,61 3.720,50 12/04/2001
000015 543254 2023/2024 1248 6.206,37 23/01/1999
000016 520770 2022/2023 1209 400,00 09/09/2000
000017 522614 2022/2023 1200,28 2.080,89 28/04/1991
000018 521127 2022/2023 1160 6.020,59 29/09/1998
000019 555537 2023/2024 1140 7.855,41 21/01/1997
000020 522293 2022/2023 1125,32 7.939,98 19/05/1997
000021 548702 2023/2024 1124 2.250,98 25/05/2000
000022 563123 2023/2024 1120 687,50 29/06/1995
000023 562074 2023/2024 1110 6.409,76 03/02/1999
000024 450108 2022/2023 1071 1.974,56 02/01/1997
000025 549128 2023/2024 1060 15.858,13 25/11/1998
000026 520084 2022/2023 1046 1.294,65 25/12/2000
000027 523273 2022/2023 1045 7.778,43 13/06/1999
000028 558595 2023/2024 1032 14.094,12 22/05/1996
000029 553803 2023/2024 1014 7.659,62 13/04/2000
000030 556742 2023/2024 1008 12.205,28 30/06/1999
000031 558011 2023/2024 984 7.120,59 05/02/1998
000032 520418 2022/2023 969 4.548,53 10/08/1997
000033 555905 2023/2024 954 5.750,81 18/07/1999
000034 559745 2023/2024 950 9.128,66 17/09/1997
000035 558839 2023/2024 930 9.365,69 12/05/1998
000036 527774 2022/2023 929 3.808,42 08/02/2000
000037 521398 2022/2023 913 827,65 30/06/1999
000038 544291 2023/2024 888 10.917,32 14/03/1997
000039 517808 2022/2023 887 0,00 13/05/1997
000040 524332 2022/2023 851 2.896,88 17/09/1998
000041 519762 2022/2023 847 2.456,19 12/11/1995
000042 562076 2023/2024 840 6.438,81 30/12/1994
000043 520252 2022/2023 839 4.221,53 03/04/1995
000044 525384 2022/2023 832 11.389,46 09/12/1991
000045 520965 2022/2023 823 5.787,80 11/01/1997
000046 525237 2022/2023 805 2.326,83 13/06/1995
000047 522599 2022/2023 718 7.686,87 18/09/1989
000048 545054 2023/2024 696 7.439,49 07/12/1995
000049 561221 2023/2024 660 2.679,67 30/04/2002
000050 525844 2022/2023 653 2.896,57 10/07/2001
000051 555252 2023/2024 620 1.185,29 12/09/2002
000052 558454 2023/2024 562 12.601,37 05/12/1997
000053 544503 2023/2024 556 1.689,71 09/07/2000
000054 521064 2023/2024 522,60 248,37 17/04/1995
000055 564309 2023/2024 512 10.176,43 26/12/1995
000056 543787 2023/2024 480 7.736,45 19/06/1997
000057 524503 2023/2024 440 16.705,26 03/06/1989
000058 559519 2023/2024 408 9.823,44 01/08/1996
000059 559509 2023/2024 392 1.331,86 07/10/1997
000060 555877 2023/2024 286 8.090,92 08/07/1995
000001 478617 2023/2024 1488 18.621,17 21/03/2001
000002 520250 2022/2023 1328 3.708,13 28/07/1994
000003 517858 2022/2023 1308 13.675,30 16/02/2001
000004 522278 2022/2023 1280 578,95 08/01/1999
000005 530234 2022/2023 1272 7.465,85 19/11/1991
000006 544476 2023/2024 1176 4.252,85 06/04/2000
000007 445191 2022/2023 1156 3.935,04 21/10/1996
000008 480465 2023/2024 1142,40 16.414,33 27/03/2002
000009 519732 2022/2023 1124 329,67 28/07/1997
000010 449329 2022/2023 1124 500,00 12/02/1998
000011 520553 2022/2023 1116 7.342,30 16/11/1999
000012 455808 2022/2023 1096 2.891,06 19/07/1999
000013 555547 2023/2024 1096 5.482,84 19/09/2000
000014 558907 2023/2024 992 5.141,87 11/11/1996
000015 520599 2022/2023 940 4.460,40 27/01/1994
000016 501540 2023/2024 872 625,00 02/10/2000
000017 523077 2022/2023 872 6.698,73 22/05/1993
000018 520679 2022/2023 852 6.841,72 06/10/1999
000019 448430 2023/2024 792 6.842,38 18/04/1999
000020 544662 2023/2024 736 4.545,63 28/12/1995
000021 556102 2023/2024 696 12.754,88 03/08/2000
000022 442897 2023/2024 664 0,00 21/11/1997
000023 560644 2023/2024 632 11.945,12 11/12/1997
000024 575055 2023/2024 384 17.586,87 10/04/2000
000001 548395 2023/2024 1628 10.267,02 09/12/1999
000002 437938 2023/2024 1462 5.147,06 12/07/1988
000003 437689 2023/2024 1456 12.259,71 22/01/1999
000004 532511 2023/2024 1352 21.192,42 20/07/1999
000005 468418 2022/2023 1320,72 19.483,02 11/08/2000
000006 463098 2022/2023 1315 15.508,28 18/07/2000
000007 530630 2022/2023 1284 1.390,63 25/06/2000
000008 543366 2023/2024 1242 10.195,32 21/05/2000
000009 450317 2022/2023 1241 3.275,16 05/04/2000
000010 463833 2022/2023 1236 17.597,07 08/07/2000
000011 460946 2022/2023 1203 9.900,59 10/01/2001
000012 520044 2022/2023 1151 17.845,69 29/10/1998
000013 519793 2022/2023 1120 5.272,95 19/01/1998
000014 477423 2022/2023 1120 18.421,65 16/10/2000
000015 462314 2023/2024 1118 10.310,89 26/12/2000
000016 521435 2022/2023 1103 2.525,49 05/07/1994
000017 554257 2023/2024 1078 13.367,76 02/08/2001
000018 460879 2022/2023 1074,68 18.480,13 02/07/2000
000019 563260 2023/2024 1072 8.839,84 11/08/1999
000020 445496 2022/2023 1068,88 19.290,34 17/09/1999
000021 544414 2023/2024 1044,79 2.133,70 13/04/2001
000022 543220 2023/2024 1018 4.702,76 19/07/1999
000023 519941 2022/2023 1012 10.905,95 05/12/1995
000024 497659 2023/2024 1002 6.495,93 12/07/2000
000025 521596 2022/2023 969,50 10.509,31 03/07/1996
000026 529007 2022/2023 968,88 1.824,39 22/05/1999
000027 524466 2022/2023 968 10.820,89 21/11/2000
000028 466696 2023/2024 964 14.389,76 24/04/2001
000029 471754 2022/2023 963 14.666,34 01/08/1999
000030 542770 2023/2024 962 16.674,42 30/05/2001
000031 486084 2023/2024 924 581,88 17/11/2000
000032 560612 2023/2024 920 15.691,94 10/08/1997
000033 499245 2023/2024 918 25.319,80 21/09/2001
000034 466653 2022/2023 917 18.997,33 30/06/2000
000035 550398 2023/2024 916 4.547,35 22/07/2001
000036 557650 2023/2024 912 9.406,10 31/12/1991
000037 561497 2023/2024 900 23.432,65 04/11/2001
000038 519861 2022/2023 846 2.516,65 31/12/1992
000039 556024 2023/2024 844 9.165,45 04/04/1998
000040 525528 2022/2023 804 7.328,97 10/03/1992
000041 558512 2023/2024 781,20 15.443,49 16/03/2001
000042 521722 2022/2023 764,36 11.024,21 07/08/1999
000043 545274 2023/2024 754 8.425,61 13/07/2000
000044 520852 2022/2023 727 7.262,88 20/02/1999
000045 525586 2022/2023 706 3.133,19 09/03/1993
000046 529320 2022/2023 703,80 8,33 24/11/1997
000047 559418 2023/2024 690 12.197,54 05/04/1999
000048 549341 2023/2024 684 4.156,79 07/12/1999
000049 522147 2023/2024 666 8.331,85 08/05/1982
000050 553887 2023/2024 652 377,94 22/06/2001
000051 520382 2022/2023 642,10 9.778,88 05/03/1999
000052 518130 2022/2023 624 5.859,12 19/07/1998
000053 478968 2023/2024 600 25.200,91 23/08/2001
000054 479418 2023/2024 590 14.082,59 20/07/2001
000055 549053 2023/2024 588 9.636,59 06/06/2000
000056 555211 2023/2024 586 10.255,69 12/02/2000
000057 556526 2023/2024 584 10.415,58 05/05/1995
000058 542800 2023/2024 580 11.624,80 21/07/1997
000059 543103 2023/2024 548 241,06 18/02/2001
000060 556588 2023/2024 494 8.295,75 18/01/1994
000061 543090 2023/2024 466 7.783,33 24/10/2000
000062 564021 2023/2024 446 5.707,02 21/03/1998
000063 556205 2023/2024 444 3.068,63 11/08/1998
000064 544365 2023/2024 433,68 5.085,31 06/01/1995
000065 465361 2023/2024 352 12.220,00 23/08/2000
000001 557075 2023/2024 1556 4.716,67 23/12/2000
000002 544425 2023/2024 1394 10.842,04 11/08/1997
000003 564977 2023/2024 1390 2.425,31 07/08/2001
000004 521873 2022/2023 1333 0,00 11/11/1994
000005 520494 2022/2023 1316 1.526,11 16/09/1989
000006 557732 2023/2024 1290 986,27 10/03/1993
000007 544337 2023/2024 1284 22.601,51 23/10/2000
000008 555271 2023/2024 1282 361,27 14/11/2001
000009 544046 2023/2024 1262 7.874,52 24/12/1996
000010 554153 2023/2024 1246 7.375,74 28/01/1996
000011 543097 2023/2024 1228 2.650,00 07/07/1993
000012 543677 2023/2024 1198 526,25 25/12/1997
000013 554075 2023/2024 1198 10.437,75 12/01/1999
000014 562702 2023/2024 1174 6.239,71 21/09/1985
000015 556202 2023/2024 1150 7.060,29 29/04/1999
000016 520254 2022/2023 1106 9.880,00 12/12/1988
000017 525283 2022/2023 1083 12.219,93 02/04/1996
000018 521073 2022/2023 1072 813,38 25/08/1996
000019 520620 2022/2023 1068 12.387,95 06/12/1998
000020 556274 2023/2024 1062 0,00 15/08/1999
000021 556602 2023/2024 1054 8.271,27 25/05/1998
000022 520293 2022/2023 1040 6.214,44 20/07/1999
000023 558288 2023/2024 1020 7.752,94 11/03/1997
000024 522535 2022/2023 1003,36 1.074,39 24/10/1998
000025 561277 2023/2024 966 8.282,45 25/04/1999
000026 519860 2022/2023 955,82 2.233,33 20/04/1996
000027 530833 2022/2023 954 2.008,53 07/08/1993
000028 519054 2022/2023 950 531,25 19/07/1999
000029 520574 2022/2023 927 3.606,36 16/10/1996
000030 560606 2023/2024 926 3.640,35 12/09/1992
000031 520310 2022/2023 906 3.558,99 06/09/1998
000032 524376 2022/2023 866 17.379,37 11/12/1991
000033 519726 2022/2023 857 946,48 17/03/1998
000034 520086 2022/2023 853 7.912,74 22/08/1992
000035 523093 2022/2023 850,92 771,57 09/10/1996
000036 521761 2022/2023 833 813,01 27/09/1999
000037 521758 2022/2023 826 813,01 27/09/1999
000038 543363 2023/2024 816 13.825,00 02/03/1998
000039 519114 2022/2023 794 5.198,22 24/06/1999
000040 559425 2023/2024 792 2.268,42 01/02/1998
000041 557770 2023/2024 782 390,63 21/02/1995
000042 520264 2022/2023 780 9.420,00 15/04/1985
000043 521716 2022/2023 776 3.880,03 02/09/1993
000044 519234 2022/2023 776 5.140,13 21/12/1990
000045 557718 2023/2024 774 10.138,24 03/07/1996
000046 520876 2022/2023 766 4.491,28 09/04/1993
000047 525006 2022/2023 739,60 4.837,10 04/04/1992
000048 554371 2023/2024 690 10.869,28 10/02/1991
000049 556270 2023/2024 688 4.692,63 22/08/1993
000050 562200 2023/2024 684 15.134,55 28/07/2000
000051 556104 2023/2024 642 532,93 16/07/1996
000052 525277 2022/2023 640,50 2.343,90 29/12/1999
000053 519883 2022/2023 638,90 4.835,32 08/10/1992
000054 522600 2022/2023 637 1.089,84 01/07/1998
000055 560345 2023/2024 546 7.814,65 08/05/1997
000056 549968 2023/2024 500 0,00 14/08/1999
000057 543417 2023/2024 492 263,82 07/08/1998
000058 557428 2023/2024 490 3.773,98 21/02/1990
000059 543084 2023/2024 433,34 1.295,93 09/05/1997
000060 542876 2023/2024 420 3.911,38 24/08/1994
000061 549060 2023/2024 408 1.599,30 02/08/1999
000062 560351 2023/2024 384 14.277,89 08/09/1998
000001 560312 2023/2024 1626 6.288,62 15/01/1999
000002 543876 2023/2024 1614 4.851,63 03/12/1992
000003 554137 2023/2024 1438 1.528,66 03/05/1999
000004 543138 2023/2024 1308 2.243,16 25/04/1999
000005 563405 2023/2024 1274 9.352,61 09/06/1986
000006 455591 2022/2023 1253 21.791,80 09/03/1999
000007 559665 2023/2024 1200,60 4.495,93 15/10/1999
000008 549494 2023/2024 1164 9.991,87 29/02/2000
000009 521747 2022/2023 1132 5.690,00 06/07/1990
000010 465588 2022/2023 1057,53 12.684,59 13/12/2000
000011 482800 2023/2024 1008 19.131,51 15/11/2001
000012 544911 2023/2024 1002 9.090,52 17/08/1986
000013 543878 2023/2024 988 7.920,26 26/05/1999
000014 543023 2023/2024 940 9.437,40 26/07/1997
000015 549156 2023/2024 920 14.553,43 07/02/2000
000016 549491 2023/2024 845 7.359,65 02/08/2000
000017 558244 2023/2024 838 4.346,08 03/06/1999
000018 460912 2022/2023 836 12.894,52 08/01/2001
000019 454578 2022/2023 829,50 5.684,27 17/04/1999
000020 556823 2023/2024 788 2.592,16 22/11/1999
000021 524311 2022/2023 787 3.058,60 08/06/1991
000022 519967 2022/2023 752 5.101,75 10/03/1991
000023 543984 2023/2024 716 12.100,82 11/01/1994
000024 525642 2022/2023 602 3.999,02 02/11/1998
000025 543893 2023/2024 578 6.057,32 12/04/1991
000001 480812 2023/2024 1980 15.146,13 28/12/2001
000002 425128 2023/2024 776 22.967,56 24/12/1996
000001 558593 2023/2024 1662 5.370,33 03/11/1999
000002 561357 2023/2024 1536 504,90 30/05/2001
000003 544065 2023/2024 1428 7.578,34 17/09/1994
000004 479354 2023/2024 1244 18.931,86 05/12/2001
000005 519608 2022/2023 1145 8.024,72 21/03/2001
000006 549013 2023/2024 1126 10.717,19 13/04/1997
000007 522040 2022/2023 1104,40 11.639,41 16/07/1994
000008 549961 2023/2024 1082 10.287,25 14/05/2001
000009 481111 2022/2023 1054 368,42 29/06/1999
000010 525328 2022/2023 977 6.821,64 22/05/1998
000011 450130 2022/2023 968 1.047,52 08/02/1996
000012 523047 2022/2023 936 21.554,61 15/03/2000
000013 522956 2022/2023 923 3.708,69 12/07/1998
000014 521313 2022/2023 900,80 1.935,90 07/04/1993
000015 520535 2022/2023 896 3.292,16 09/12/1993
000016 560274 2023/2024 710 11.014,28 20/07/1999
000017 525985 2022/2023 704 13.701,30 10/12/1999
000018 543833 2023/2024 572 1.732,51 30/04/1999
000001 553815 2023/2024 1736,48 322,76 24/12/1996
000002 553811 2023/2024 1654,56 313,41 20/03/1996
000003 558865 2023/2024 1614 14.305,29 21/08/1993
000004 553858 2023/2024 1554 406,37 17/11/1995
000005 553960 2023/2024 1510 361,76 06/11/1998
000006 553917 2023/2024 1510 6.317,75 30/04/1998
000007 553378 2023/2024 1488 375,00 24/01/1998
000008 559378 2023/2024 1444 10.295,80 08/06/1998
000009 559034 2023/2024 1428 8.507,80 09/07/1997
000010 549333 2023/2024 1284 5.970,10 09/02/1990
000011 521217 2022/2023 1264 3.915,09 23/12/1998
000012 521971 2022/2023 1262,30 2.431,04 20/04/2000
000013 549469 2023/2024 1254 5.954,39 01/12/1992
000014 543337 2023/2024 1210 628,07 23/02/1997
000015 518242 2022/2023 1175 2.302,11 26/08/1996
000016 522344 2022/2023 1164,46 1.546,90 27/11/1993
000017 524427 2022/2023 1154,15 8.637,80 30/12/1993
000018 545034 2022/2023 1138,37 2.876,96 14/04/1998
000019 518752 2022/2023 1108 12.478,92 25/11/1994
000020 520456 2022/2023 1090 6.401,96 02/03/1993
000021 517490 2022/2023 1083 4.174,39 22/08/1987
000022 520112 2022/2023 1074 10.324,81 26/03/1988
000023 525748 2022/2023 1005 4.356,49 01/12/1998
000024 548597 2023/2024 1002 7.046,31 09/11/1998
000025 522391 2022/2023 987 12.501,45 19/09/1995
000026 520792 2022/2023 984 9.677,25 21/06/1990
000027 525102 2022/2023 955,80 309,76 28/03/1995
000028 521744 2022/2023 924 7.387,68 19/04/1999
000029 549429 2023/2024 822 16.911,93 15/03/1997
000030 564009 2023/2024 816 8.140,20 19/08/1999
000031 549125 2023/2024 752 9.946,24 03/07/1994
000032 557748 2023/2024 720 7.360,98 08/07/1995
000033 542851 2023/2024 516 22.715,92 26/04/1997
000034 563556 2023/2024 438 588,24 04/05/1995